name: dagster
channels:
  - conda-forge
dependencies:
  - arrow-cpp=9.0.0=py310h1b77788_6_cpu
  - aws-c-cal=0.5.11=he19cf47_0
  - aws-c-common=0.6.2=h8ffe710_0
  - aws-c-event-stream=0.2.7=h70e1b0c_13
  - aws-c-io=0.10.5=h2fe331c_0
  - aws-checksums=0.1.11=h1e232aa_7
  - aws-sdk-cpp=1.8.186=hb0612c5_3
  - bzip2=1.0.8=h8ffe710_4
  - c-ares=1.18.1=h8ffe710_0
  - ca-certificates=2022.9.14=h5b45459_0
  - gflags=2.2.2=ha925a31_1004
  - glog=0.6.0=h4797de2_0
  - grpc-cpp=1.47.1=h535cfc9_6
  - intel-openmp=2022.1.0=h57928b3_3787
  - krb5=1.19.3=h1176d77_0
  - libabseil=20220623.0=cxx17_h1a56200_4
  - libblas=3.9.0=16_win64_mkl
  - libbrotlicommon=1.0.9=h8ffe710_7
  - libbrotlidec=1.0.9=h8ffe710_7
  - libbrotlienc=1.0.9=h8ffe710_7
  - libcblas=3.9.0=16_win64_mkl
  - libcrc32c=1.1.2=h0e60522_0
  - libcurl=7.83.1=h789b8ee_0
  - libffi=3.4.2=h8ffe710_5
  - libgoogle-cloud=2.2.0=hc8dde07_1
  - liblapack=3.9.0=16_win64_mkl
  - libprotobuf=3.21.6=h12be248_0
  - libsqlite=3.39.3=hcfcfb64_0
  - libssh2=1.10.0=h680486a_3
  - libthrift=0.16.0=h9f558f2_2
  - libutf8proc=2.7.0=hcb41399_0
  - libzlib=1.2.12=hcfcfb64_3
  - lz4-c=1.9.3=h8ffe710_1
  - mkl=2022.1.0=h6a75c08_874
  - numpy=1.23.3=py310h4a8f9c9_0
  - openssl=1.1.1q=h8ffe710_0
  - parquet-cpp=1.5.1=2
  - pip=22.2.2=pyhd8ed1ab_0
  - pyarrow=9.0.0=py310he420982_6_cpu
  - python=3.10.6=h9a09f29_0_cpython
  - python_abi=3.10=2_cp310
  - re2=2022.06.01=h0e60522_0
  - setuptools=65.3.0=pyhd8ed1ab_1
  - snappy=1.1.9=h82413e6_1
  - tbb=2021.5.0=h91493d7_2
  - tk=8.6.12=h8ffe710_0
  - tzdata=2022c=h191b570_0
  - ucrt=10.0.20348.0=h57928b3_0
  - vc=14.2=hb210afc_7
  - vs2015_runtime=14.29.30139=h890b9b1_7
  - wheel=0.37.1=pyhd8ed1ab_0
  - xz=5.2.6=h8d14728_0
  - zlib=1.2.12=hcfcfb64_3
  - zstd=1.5.2=h7755175_4
